6.250000000000001214e-04 1.250000000000000297e-04 1.250000000000000297e-04 1.250000000000000297e-04 1.250000000000000297e-04 1.250000000000000297e-04 1.275510204081633039e-04 1.689189189189189554e-04 2.155172413793103960e-04 2.500000000000000594e-04 2.500000000000000594e-04 2.155172413793103960e-04 1.689189189189189554e-04 1.275510204081633039e-04 1.250000000000000297e-04 1.250000000000000297e-04 1.250000000000000297e-04 1.250000000000000297e-04 1.250000000000000297e-04 1.250000000000000297e-04
1.250000000000000297e-04 6.250000000000001214e-04 1.250000000000000297e-04 1.250000000000000297e-04 1.250000000000000297e-04 1.250000000000000297e-04 1.275510204081633039e-04 1.689189189189189554e-04 2.155172413793103960e-04 2.500000000000000594e-04 2.500000000000000594e-04 2.155172413793103960e-04 1.689189189189189554e-04 1.275510204081633039e-04 1.250000000000000297e-04 1.250000000000000297e-04 1.250000000000000297e-04 1.250000000000000297e-04 1.250000000000000297e-04 1.250000000000000297e-04
1.250000000000000297e-04 1.250000000000000297e-04 6.250000000000001214e-04 1.250000000000000297e-04 1.250000000000000297e-04 1.250000000000000297e-04 1.275510204081633039e-04 1.689189189189189554e-04 2.155172413793103960e-04 2.500000000000000594e-04 2.500000000000000594e-04 2.155172413793103960e-04 1.689189189189189554e-04 1.275510204081633039e-04 1.250000000000000297e-04 1.250000000000000297e-04 1.250000000000000297e-04 1.250000000000000297e-04 1.250000000000000297e-04 1.250000000000000297e-04
1.250000000000000297e-04 1.250000000000000297e-04 1.250000000000000297e-04 6.250000000000001214e-04 1.250000000000000297e-04 1.250000000000000297e-04 1.275510204081633039e-04 1.689189189189189554e-04 2.155172413793103960e-04 2.500000000000000594e-04 2.500000000000000594e-04 2.155172413793103960e-04 1.689189189189189554e-04 1.275510204081633039e-04 1.250000000000000297e-04 1.250000000000000297e-04 1.250000000000000297e-04 1.250000000000000297e-04 1.250000000000000297e-04 1.250000000000000297e-04
1.250000000000000297e-04 1.250000000000000297e-04 1.250000000000000297e-04 1.250000000000000297e-04 6.250000000000001214e-04 1.250000000000000297e-04 1.275510204081633039e-04 1.689189189189189554e-04 2.155172413793103960e-04 2.500000000000000594e-04 2.500000000000000594e-04 2.155172413793103960e-04 1.689189189189189554e-04 1.275510204081633039e-04 1.250000000000000297e-04 1.250000000000000297e-04 1.250000000000000297e-04 1.250000000000000297e-04 1.250000000000000297e-04 1.250000000000000297e-04
1.250000000000000297e-04 1.250000000000000297e-04 1.250000000000000297e-04 1.250000000000000297e-04 1.250000000000000297e-04 6.250000000000001214e-04 1.275510204081633039e-04 1.689189189189189554e-04 2.155172413793103960e-04 2.500000000000000594e-04 2.500000000000000594e-04 2.155172413793103960e-04 1.689189189189189554e-04 1.275510204081633039e-04 1.250000000000000297e-04 1.250000000000000297e-04 1.250000000000000297e-04 1.250000000000000297e-04 1.250000000000000297e-04 1.250000000000000297e-04
1.275510204081632768e-04 1.275510204081632768e-04 1.275510204081632768e-04 1.275510204081632768e-04 1.275510204081632768e-04 1.275510204081632768e-04 6.507705122865473351e-04 1.723662437948152507e-04 2.199155524278677439e-04 2.551020408163265536e-04 2.551020408163265536e-04 2.199155524278677439e-04 1.723662437948152507e-04 1.301541024573094562e-04 1.275510204081632768e-04 1.275510204081632768e-04 1.275510204081632768e-04 1.275510204081632768e-04 1.275510204081632768e-04 1.275510204081632768e-04
1.689189189189189283e-04 1.689189189189189283e-04 1.689189189189189283e-04 1.689189189189189283e-04 1.689189189189189283e-04 1.689189189189189283e-04 1.723662437948152236e-04 1.141344046749452265e-03 2.912395153774464431e-04 3.378378378378378566e-04 3.378378378378378566e-04 2.912395153774464431e-04 2.282688093498904693e-04 1.723662437948152236e-04 1.689189189189189283e-04 1.689189189189189283e-04 1.689189189189189283e-04 1.689189189189189283e-04 1.689189189189189283e-04 1.689189189189189283e-04
2.155172413793103960e-04 2.155172413793103960e-04 2.155172413793103960e-04 2.155172413793103960e-04 2.155172413793103960e-04 2.155172413793103960e-04 2.199155524278677439e-04 2.912395153774464973e-04 1.857907253269916979e-03 4.310344827586207921e-04 4.310344827586207921e-04 3.715814506539834284e-04 2.912395153774464973e-04 2.199155524278677439e-04 2.155172413793103960e-04 2.155172413793103960e-04 2.155172413793103960e-04 2.155172413793103960e-04 2.155172413793103960e-04 2.155172413793103960e-04
2.500000000000000594e-04 2.500000000000000594e-04 2.500000000000000594e-04 2.500000000000000594e-04 2.500000000000000594e-04 2.500000000000000594e-04 2.551020408163266078e-04 3.378378378378379108e-04 4.310344827586207921e-04 2.500000000000000486e-03 5.000000000000001188e-04 4.310344827586207921e-04 3.378378378378379108e-04 2.551020408163266078e-04 2.500000000000000594e-04 2.500000000000000594e-04 2.500000000000000594e-04 2.500000000000000594e-04 2.500000000000000594e-04 2.500000000000000594e-04
2.500000000000000594e-04 2.500000000000000594e-04 2.500000000000000594e-04 2.500000000000000594e-04 2.500000000000000594e-04 2.500000000000000594e-04 2.551020408163266078e-04 3.378378378378379108e-04 4.310344827586207921e-04 5.000000000000001188e-04 2.500000000000000486e-03 4.310344827586207921e-04 3.378378378378379108e-04 2.551020408163266078e-04 2.500000000000000594e-04 2.500000000000000594e-04 2.500000000000000594e-04 2.500000000000000594e-04 2.500000000000000594e-04 2.500000000000000594e-04
2.155172413793103960e-04 2.155172413793103960e-04 2.155172413793103960e-04 2.155172413793103960e-04 2.155172413793103960e-04 2.155172413793103960e-04 2.199155524278677439e-04 2.912395153774464973e-04 3.715814506539834284e-04 4.310344827586207921e-04 4.310344827586207921e-04 1.857907253269916979e-03 2.912395153774464973e-04 2.199155524278677439e-04 2.155172413793103960e-04 2.155172413793103960e-04 2.155172413793103960e-04 2.155172413793103960e-04 2.155172413793103960e-04 2.155172413793103960e-04
1.689189189189189283e-04 1.689189189189189283e-04 1.689189189189189283e-04 1.689189189189189283e-04 1.689189189189189283e-04 1.689189189189189283e-04 1.723662437948152236e-04 2.282688093498904693e-04 2.912395153774464431e-04 3.378378378378378566e-04 3.378378378378378566e-04 2.912395153774464431e-04 1.141344046749452265e-03 1.723662437948152236e-04 1.689189189189189283e-04 1.689189189189189283e-04 1.689189189189189283e-04 1.689189189189189283e-04 1.689189189189189283e-04 1.689189189189189283e-04
1.275510204081632768e-04 1.275510204081632768e-04 1.275510204081632768e-04 1.275510204081632768e-04 1.275510204081632768e-04 1.275510204081632768e-04 1.301541024573094562e-04 1.723662437948152507e-04 2.199155524278677439e-04 2.551020408163265536e-04 2.551020408163265536e-04 2.199155524278677439e-04 1.723662437948152507e-04 6.507705122865473351e-04 1.275510204081632768e-04 1.275510204081632768e-04 1.275510204081632768e-04 1.275510204081632768e-04 1.275510204081632768e-04 1.275510204081632768e-04
1.250000000000000297e-04 1.250000000000000297e-04 1.250000000000000297e-04 1.250000000000000297e-04 1.250000000000000297e-04 1.250000000000000297e-04 1.275510204081633039e-04 1.689189189189189554e-04 2.155172413793103960e-04 2.500000000000000594e-04 2.500000000000000594e-04 2.155172413793103960e-04 1.689189189189189554e-04 1.275510204081633039e-04 6.250000000000001214e-04 1.250000000000000297e-04 1.250000000000000297e-04 1.250000000000000297e-04 1.250000000000000297e-04 1.250000000000000297e-04
1.250000000000000297e-04 1.250000000000000297e-04 1.250000000000000297e-04 1.250000000000000297e-04 1.250000000000000297e-04 1.250000000000000297e-04 1.275510204081633039e-04 1.689189189189189554e-04 2.155172413793103960e-04 2.500000000000000594e-04 2.500000000000000594e-04 2.155172413793103960e-04 1.689189189189189554e-04 1.275510204081633039e-04 1.250000000000000297e-04 6.250000000000001214e-04 1.250000000000000297e-04 1.250000000000000297e-04 1.250000000000000297e-04 1.250000000000000297e-04
1.250000000000000297e-04 1.250000000000000297e-04 1.250000000000000297e-04 1.250000000000000297e-04 1.250000000000000297e-04 1.250000000000000297e-04 1.275510204081633039e-04 1.689189189189189554e-04 2.155172413793103960e-04 2.500000000000000594e-04 2.500000000000000594e-04 2.155172413793103960e-04 1.689189189189189554e-04 1.275510204081633039e-04 1.250000000000000297e-04 1.250000000000000297e-04 6.250000000000001214e-04 1.250000000000000297e-04 1.250000000000000297e-04 1.250000000000000297e-04
1.250000000000000297e-04 1.250000000000000297e-04 1.250000000000000297e-04 1.250000000000000297e-04 1.250000000000000297e-04 1.250000000000000297e-04 1.275510204081633039e-04 1.689189189189189554e-04 2.155172413793103960e-04 2.500000000000000594e-04 2.500000000000000594e-04 2.155172413793103960e-04 1.689189189189189554e-04 1.275510204081633039e-04 1.250000000000000297e-04 1.250000000000000297e-04 1.250000000000000297e-04 6.250000000000001214e-04 1.250000000000000297e-04 1.250000000000000297e-04
1.250000000000000297e-04 1.250000000000000297e-04 1.250000000000000297e-04 1.250000000000000297e-04 1.250000000000000297e-04 1.250000000000000297e-04 1.275510204081633039e-04 1.689189189189189554e-04 2.155172413793103960e-04 2.500000000000000594e-04 2.500000000000000594e-04 2.155172413793103960e-04 1.689189189189189554e-04 1.275510204081633039e-04 1.250000000000000297e-04 1.250000000000000297e-04 1.250000000000000297e-04 1.250000000000000297e-04 6.250000000000001214e-04 1.250000000000000297e-04
1.250000000000000297e-04 1.250000000000000297e-04 1.250000000000000297e-04 1.250000000000000297e-04 1.250000000000000297e-04 1.250000000000000297e-04 1.275510204081633039e-04 1.689189189189189554e-04 2.155172413793103960e-04 2.500000000000000594e-04 2.500000000000000594e-04 2.155172413793103960e-04 1.689189189189189554e-04 1.275510204081633039e-04 1.250000000000000297e-04 1.250000000000000297e-04 1.250000000000000297e-04 1.250000000000000297e-04 1.250000000000000297e-04 6.250000000000001214e-04
