6.100000000000000000e+02 1.391707234219599076e-01
6.300000000000000000e+02 1.382689293826618870e-01
6.500000000000000000e+02 1.764881563959217747e-01
6.700000000000000000e+02 2.342242397321453451e-01
6.900000000000000000e+02 2.973578113364697684e-01
7.100000000000000000e+02 3.573855170976770745e-01
7.300000000000000000e+02 5.074638405505448313e-01
7.500000000000000000e+02 7.255979968773940136e-01
7.700000000000000000e+02 8.388377243179325760e-01
7.900000000000000000e+02 9.613830122501632047e-01
8.100000000000000000e+02 1.027157382372053229e+00
8.300000000000000000e+02 7.875562279285093226e-01
8.500000000000000000e+02 6.699513324979374795e-01
8.700000000000000000e+02 5.176684006011755823e-01
8.900000000000000000e+02 4.062389274579162879e-01
9.100000000000000000e+02 2.761624752551395945e-01
9.300000000000000000e+02 2.290870073580579258e-01
9.500000000000000000e+02 2.158406093984930607e-01
9.700000000000000000e+02 1.533080967709903597e-01
9.900000000000000000e+02 1.266384134685093477e-01
